  37   2  85 160 244 254 252  76 161 166  27   3  20 196 151  41
 253 211 249 164 189   5 105  59 124  61 211 136 147 146 187 200
  49   4   3 255 245 211   4  52   0 242 204  25  86 232 130 112
 192 246 150  56 148   6 111 180  41 180 145   3 147 151 192  25
  70 194 209  46 179 251   3 131  83  46  70  83 158 217 103 208
 176 235 206  11 160 195  73 202 122 118 166 147 107  78 174  99
 232  83  88 255 107   7  83  86 148  54 148 106 114 227 188   8
 157  14  80 182 224  91 160  65  89 147  38  78 106   6  31 161
 180  30  58  88  78 223 106 109 245  46  67  68 208  96  89 132
 181 192  18 225 140 214
